                                                                0000001110
                                                000001111111111111111111110
                                  00011111111111111111111111111111111111110
                           0111111111111111111111111111111111100000 0111110
                           111111111111111111100000                  111110
                           11111100                                  111110
                           111111                           000011111111110
                           111111           0000011111111111111111111111111
                           01111111111111111111111111111111111111111111111110
                           1111111111111111111111111111111000          1111111
                         01111111111111111000000                        01111110
                       0111111111110                                      1111111
                     01111111  111111                                      01111110
                    11111110    1111110                                      1111111
                  11111110       1111110                                      01111110
                01111111          1111111                                       1111111
              01111111             01111110                                      01111110
             11111110               01111110                                       1111111
           01111110                   1111110                                       01111110
          1111111                      0111111                                        1111111
        1111111                         01111110                                       0111111
      0111111100                          1111110                               011111111111110
      11111111111111111000                 0111111                      00111111111111111111110
      11111111111111111111111111000         01111110             001111111111111111111100111110
      111110   0011111111111111111111111100   1111110     00111111111111111111110        111110
      111110            00111111111111111111111111111111111111111111111100               111110
      111111                    001111111111111111111111111111111000                     111110
      111111                             0011111111111111100                             111110
      111111                                    011111                                   111110
      111111                                    111111                                   111110
      111111                                    111111                                   111110
      111111                                    111111                                   111110
      0111110                                   111111                                   111110
      0111110                                   111111                                   111110
      0111110                                   111111                                  0111110
      0111110                                   111111                                  0111110
      0111110                                   111111                                  0111110
      0111110                                   111111                                  0111110
      0111110                                   111111                                  0111110
      0111110                                   111111                                  011111
      0111110                                   111111                                  011111
       111110                                   111111                                  011111
       111110                                   111111                                  011111
       111111                                   111111                                  011111
       111111                                   111111                                  011111
       111111                                   111111                                  011111
       011111                                   111111                                  011111
       011111                                   111111                                  011111
       011111                                   111111                                  011111
       011111                                   111111                                  011111
       0111110                                  111111                                  011111
       0111110                                  111111                                  011110
       0111110                                  111111                                  111110
       0111110                                  111111                                  111110
       0111110                                  111111                                  111110
        111110                                  111111                                  111110
        111110                                  111111                                  111110
        111110                                  111111                                  111110
        111110                                  111111                                  111110
        111110                                  111111                                  111110
        111110                                  111111                                  111110
        111111                                  111111                                  111110
        011111                                  111111                                  111110
        011111                                  111111                                  111110
        011111                                  111111                                  111110
        011111                                  111111                                  111110
        011111                                  111111                                  111110
        011111                                  111111                                  111110
        011111                                  111111                                  111110
         111110                                 111111                                  111110
         111110                                 111111                                  111110
         111110                                 111111                                  111110
         111110                                 111111                                  111110
         111110                                 111110                                  111110
         111110                                 111110                                  111110
         111110                                 111110                                  111110
         111110                                 111110                                  111110
         111110                                 111110                                  111110
         111110                                 111110                                  111110
         111110                                 111110                                  111110
         011110                                 111110                                  111110
         011110                                 111110                                  111110
         011110                                 111111                                 0111110
         0111110                                111111                              0111111110
         01111111110                            111111                           011111111110
          01111111111110                        111110                       01111111111110
             011111111111110                    111110                   01111111111110
                 011111111111110                111110               01111111111110
                     011111111111110            111110            01111111111100
                         011111111111100        111110        01111111111110
                             011111111111100    111110    01111111111110
                                 01111111111110 11111101111111111110
                                     011111111111111111111111110
                                         0111111111111111110
                                             011111111110
                                                 000














                                        11111111111111111111
                                      1111                1111
                                   11110 11              11  11110
                          0111111110 11   11            11   11  1111111110
                     111111          011   111        111    11           11111
                    1111              11     1111  0111     11              11111
                  111 11               11       1111       11               11 011
                 11   11               11     11111111     11               11   110
               011    11                11  111  11  111  11                11    111
              110     110                1111    11    11110                11      11
             11       011                11      11 11   11                 11       111
           111         11                        11 01                     011        111
          11           11                        11                        110          11
         11            11                        11                        11            111
       111             11                        11 11                     11             011
      11               11                        11                        11               11
     11                11                        11                        11                111
   111                111                        11                        111                011
  11                11111                        11 11                     11111                11
 11               111  11                        11                        11  111               11
 11             111    11                        11                        11    111             11
 11           111      11                        11                        11      111           11
 011        01111      11                        11  0                     11      11111         11
  11           11      11                        11 11                     11      11           11
  110           11     11                        11                        11     010           11
   11           11     11                        11                        11     11           110
   11           11     11                        11                        11     11           11
    11          110    11                        11 11                     11     11          010
    11           11    11                        11  0                     11    010          11
     11          11    11                        11                        11    11          011
     11          11    11                        11                        11    11          11
     011         110   11                        11                        11    11         011
      11          11   11                        11 11                     11   010         11
       11         11   11                        11                        11   11         011
       1111111111111   11                        11                        110  1111111111111
        11        010  11                        11                        010  11        11
        11       0111  11                        11 11                      11 1110      011
         111111111    010                        11 01                      11    111111111
                      110                        11                         11           0
                      11                         11                         11
                      11                                                    11
                      11                                                    11
                      11111111110                                  01111111111
                               01111111111111111111111111111111111110














                                          01111111111111111100
                                    11111111111111111111111111111110
                                1111111111111111111111111111111111111111
                            011111111111111111111111111111111111111111111110
                          1111111111111111111111111111111111111111111111111111
                       0111111111111111111111111111111111111111111111111111111110
                     01111111111111111111111111111111111111111111111111111111111111
                   011111111111111111111111111111111111111111111111111111111111111111
                  111111111111111111111111111111111111111111111111111111111111111111110
                011111111111111111111111111111111111111111111111111111111111111111111111
               11111111111111111111111111111111111111111111111111111111111111111111111111
              11111111111111111111111111111111111111111111111111111111111111111111111111110
             1111111111111111111111111111111111111111111111111111111111111111111111111111110
            111111111111111111111111111111111111111111111111111111111111111111111111111111110
           1111111111111111111111111111111111111111111111111111111111111111111111111111111111
          011111111111111111111111111111111110             11111111111111111111111111111111111
          111111111111111111111111111111110                   111111111111111111111111111111110
         01111111111111111111111111111111                      01111111111111111111111111111111
         1111111111111111111111111111110                         111111111111111111111111111111
         111111111111111111111111111110                           111111111111111111111111111110
         11111111111111111111111111111                            111111111111111111111111111111
         11111111111111111111111111111             111            011111111111111111111111111111
         11111111111111111111111111111              0             011111111111111111111111111111
         11111111111111111111111111111                            111111111111111111111111111111
         111111111111111111111111111111                          1111111111111111111111111111110
         1111111111111111111111111111111                        1111111111111111111111111111111
          11111111111111111111111111111110                     11111111111111111111111111111111
          1111111111111111111111111111111110                0111111111111111111111111111111111
           1111111111111111111111111111111111110        01111111111111111111111111111111111110
            111111111111111111111111111111111111111111111111111111111111111111111111111111111
            01111111111111111111111111111111111111111111111111111111111111111111111111111111
             111111111111111111111111111111111111111111111111111111111111111111111111111111
              0111111111111111111111111111111111111111111111111111111111111111111111111111
                1111111111111111111111111111111111111111111111111111111111111111111111111
                 11111111111111111111111111111111111111111111111111111111111111111111110
                   1111111111111111111111111111111111111111111111111111111111111111111
                     111111111111111111111111111111111111111111111111111111111111111
                       11111111111111111111111111111111111111111111111111111111111
                         1111111111111111111111111111111111111111111111111111111
                           01111111111111111111111111111111111111111111111111
                               1111111111111111111111111111111111111111111
                                  011111111111111111111111111111111111
                                       011111111111111111111111110
                                              00001111000














                      1111111111111111111111111111111111111111111111111111111
                     1110  000001111111111111111111111111111111111111111101111
                    11111111111110                                011111111111
                    111    011111111111111111111111111111111111111111110   0111
                   1110       111        0000011111110000        111        1110
                   111       0111               1111             1111        111
                  111        111                1111              1110       1111
                 0111       1110                1110              0111        111
                 111       1111                 1110               0111       1111
                0111      1111                  1110                0111       111
                111      1111                   1110                 01111     1111
               0111    11110                    111                    1111     111
               111   11111                      111                     011110  1110
               111011111                        111                       0111110111
              11111110                          111                          1111111
              1110                              111                              1110
              111                               111                              0111
             0111                               111                               111
             111                                111                               1111
             111                               0111                               0111
            0111                               0111                                111
            111                                0111                                1110
            111                                                                    0111
            111                                                                     111
           1111                                 11                                  111
           111                                 1111                                 1110
           111                                 1111                                  111
           111                                011111                                 111
          1111                                111111                                 111
          1110                                1111110                                1110
          111                                01110111                                 111
          111                                111  111                                 111
         0111                                111  1111                                111
         1110                               0111   111                                1110
         111                                111    1110                               0111
         111                                111    1111                                111
         111                               1110     111                                111
        0111                               111      1110                               1110
        1110                               111      0111                               1111
        111                               1110       111                               0111
        111                               111        1111                               111
        111                              0111         111                               111
       0111                              1110         111                               1110
       1111                              111          1111                              1110
       1110                             0111           111                              0111
       1110                             111            1110                              111
       111                              111            0111                              111
       111                             1111             111                              111
       111                             111              1110                             111
      0111                             111              0111                             1110
      0111                            1110               111                             1111
      1111                            111                1111                            0111
      1110                           0111                 111                             111
      1110                           1110                 111                             111
      111                            111                  0111                            111
      111                           0111                   111                            111
      111                           1110                   111                            111
      111                           111                    0111                           1110
      111                          0111                     111                           1110
     0111                          111                      1110                          0111
     0111                          111                      0111                          0111
     1111                         0111                       111                          0111
     1110                         111                        1110                          111
     1110                         111                         111                          111
     111                         1110                         111                          111
     111                         111                          1110                         111
     111                         111                          0111                         111
     111                        1110                           111                         111
     111                        111                            1111                        111
     111                        111                             111                        111
     111                       1110                             111                        111
    0111                       111                              1111                       1110
    0111                       111                               111                       1110
    0111                      1111                               111                       0111
    0111                      111                                1111                      0111
    0110                     0111                                 111                     01111
    111111111111110          1110                                 111         01111111111111111
        001111111111111111111111                                  0111111111111111111100
                      0111111111                                   11111100














                      111110                                              011111
                   111111111111                                       0111111111111
                  111       11111                                   011111      1110
                 1110      01111111                                1111111       111
                 111       111  1111                             01110 111       1111
                1110       111    1111                          1111   0111       111
                111       111      1111                       01110     111       1110
               0111       11111     0111                     0111      11110       111
               1110      01111110     1110                  1111     0111111       111
               111       1110 1111     1111                1111     1111 111       1111
              0111       111   01110    1111              1110     1111  0111       111
              1110      0111     1111    0111            111     0111     111       1110
              111       1110      1111    0111          111     1111      111       0111
             0111       111        0111     111        111     1111       0110       111
             1110      0110         0111     111     0111     1110         111       111
             111       111            111     1110  0111     1110          111       0111
             111       111             1110    1110 111     1110           0111       111
            1111      0111              1110    111111     1111             111       111
            1110      1110               111    011111    1111              111       1110
            111       111                01110111111111111111               1110      0111
           0111      0111                 011111111111111111                0111       111
           1111      0111                  11111111111111110                 111       111
           1110      1110                  0111111111111111                  1110      1110
           111       111                    111111111111110                  0111      0111
          0111      0111                    01111111111111                    111       111
          0111      0111                     111111111111                     111       111
          1110      1110                      11111111111                     1110      111
          1110      111                       111    0111                     1111      1110
          111       111                      0111    0111                     0111      1110
          111      0111                      1110    0111                      111      0111
         0111      0111                      1110    0110                      111       111
         0111      1110                      111     0110                      111       111
         1110      1110                      111     1110                      1110      111
         1110      111                       111     1110                      1111      111
         1110      111                       111     1110                      0111      1110
         111       111                      0111     1110                      0111      1110
         111       111                      0110     1110                       111      0110
         111       111                      1110     1110                       111      0110
         111      0111                      111      111                        111      0111
         111      0111                      111      1110                       111      0111
         111      0111                      111      111                        111      0111
         111      0111                      111      111                        111      0111
         111      0111                      111111111111                        111      0111
         111      0111                    111111   1111111                      111      0111
         111       111                  1111 1111 1111 1111                     111      0111
         111       111                 1110   0111110   0111                   0111      0111
         111       111                111      11111     0111                  0111      1110
         111       111               111      1110111     0110                 0111      1110
         1110      1110             1110     111  1110     111                 1110      1110
         1110      1110             111     1110   111      110                111       111
         0111      0111            011110  0111    011001111110                111       111
          111       111              011111111      11111110                   111       111
          111       111                    00                                 0111      0111
          1110      1110                                                      1110      1110
          0111      0111                                                      111       111
           111       111                                                     0111       111
           1110      111                                                     1110      1111
           01111111111111                                                    1111111111111
            1111111111111                                                   11111 01111111
          1111110   111111                                                 0111111   111111
        0111  1110011100111                                               0111 011101110 1111
       0111    111111   0111                                             0111    11111    0111
      0111     01111      111                                           0111     01111     0111
     0111     0111110      111                                         1111      111111     0111
     111      111 111       1110                                      1110      11101110     1110
    1110     1110 0111       1111                                    1110      1111  111      111
     11111100111   1111     11111                                   111110    1111   011101111111
        1111111     11111111111                                       11111111111     1111111
             0       011111                                               111111














                                                                                    0111
                 111111111100                                               0111111111111
                0111111111111111111111110000                   000111111111111111110  1111
               0111         011111111111111111111111111111111111111111111110           1111
               1111                  0111   0000000011100000000     0111               0111
              1111                   1110                            1111               1111
              1110                  1111                              1111               1110
             1111                   111                  1110         0111               1111
             1110                  1111                  0111          1110               1111
            0111                   1110                   1111         1111               1111
            1111                  0111                     111          111                1110
            1110                  1111                     1111         111                1111
            111                   1111                     0111         111                1111
            111                   1111                      111         111                0111
            111                   1111                      111        0111                 111
            111                   1111                     0111        1111                 111
            1111111111110         0111                     1111        1110        011111111111
             01111111111111110     111                     1111       0111    11111111111111110
                        011111111  1110                   0111        11100111111110
                             0111111111                   1111       011111111
                                0111111                  1111        111111
                                   11111                01110       11111
                                    11111               1110       1111
                                     11110             0110       1111
                                      11110                      1111
                                       11111                    1111
                                        0111110              011111
                                          01111111111111111111111
                                               00111111111110














                                                                00000
                       011111111111111111                     0111111111111111110
                  01111111111111111111111                      1111111111111111111111
                   111111111111111111111                       111111111111111111111
                    11111111111111111111                       11111111111111111111
                     1111111111111111111                       0111111111111111111
                      111111111111111111                        11111111111111111
                       1111111111111111                         1111111111111111
                       0111111111111111                         1111111111111111
                        111111111111111                         111111111111111
                        1111111111111110                        111111111111111
                       01111111111111111                       01111111111111111
                       111111111111111111                     111111111111111111
                      11111111111111111111                   111111111111111111110
                    1111111111111111111111                   1111111111111111111111
                 1111111111111111111111111                   11111111111111111111111111
           0111111111111111111111111111111                   11111111111111111111111111111110
         011111111111111111111111111111111                    11111111111111111111111111111111
         111111111111111111110   110                                01    11111111111111111111
         1111111111111111                                                      111111111111111














                                      0011111111111111111111110
                                 01111111111111111111111111111111110
                              11111111111111111111111111111111111111111
                           0111111111111111111111111111111111111111111111
                          1111111111111111111111111111111111111111111111111
                        0111111111111111111111111111111111111111111111111111
                       011111111111111111111111111111111111111111111111111111
                       1111111111111111111111111111111111111111111111111111110
                       1111111111111111111111111111111111111111111111111111111
                      01111111111111111111111111111111111111111111111111111111
                      011111111111111111111111111111111111111111111111111111110
                      111111111111111111111111111111111111111111111111111111110
                      111111111111111111111111111111111111111111111111111111111
                      111111111111111111111111111111111111111111111111111111111
                      111111111111111111111111111111111111111111111111111111111
                     0111111111111111111111111111111111111111111111111111111111
                     0111111111111111111111111111111111111111111111111111111111
                     0111111111111111111111111111111111111111111111111111111111
                     0111111111111111111111111111111111111111111111111111111111
                     1111111111111111111111111111111111111111111111111111111111
     0111111110      1111111111111111111111111111111111111111111111111111111111       011111111
    111111111111111101111111111111111111111111111111111111111111111111111111111  0111111111111110
    11111111111111111111111111111111111111111111111111111111111111111111111111111111111111111111
      11111111111111111111111111111111111111111111111111111111111111111111111111111111111111110
         0111111111111111111111111111111111111111111111111111111111111111111111111111111110
                0111111111111111111111111111111111111111111111111111111111111111111110
                         00111111111111111111111111111111111111111111111111100
                                           000000000000000000














                                               000111111111111100
                                           011111111111111111111111100
                                       0011111111111111111111111111111110
                                     01111111111111111111111111111111111110
                                   011111111111111111111111111111111111111110
                                 011111111111111100          00111111111111110
                                011111111111100                  01111111111111
                               0111111111110                        011111111111
                              011111111111                           011111111110
                             011111111110                              11111111110
                             01111111110                               01111111110
                            011111111110                                01111111110
                            01111111110                                 01111111110
                            01111111110                                 01111111110
                            01111111110                                 01111111110
                            01111111110                                 01111111110
                            01111111110                                 0111111111
                            01111111111                                01111111110
                             01111111110                               01111111110
                             01111111110                               1111111111
                              01111111110                             01111111110
                              01111111110                            01111111110
                               01111111110                           1111111111
                               01111111111                          01111111110
                                01111111110                        01111111110
                                 11111111110                      01111111111
                                 01111111111111111111111111111111111111111110
                                  011111111111111111111111111111111111111110
                                  01111111111111111111111111111111111111110
                                   0111111111111111111111111111111111111110
                                   011111111110000000000000000111111111110
                                    0111111110                01111111110
                                     1111111110               01111111110
                                     01111111111111111111000001111111110
                                      011111111111111111111111111111110
                                       0111111111111111111111111111110
                                        01111111111111111111111111110
                                         111111111111111111111111110
                                         011111111111111111111111110
                                         011111111111111111111111110
                                         011111111111111111111111110
                                         011111111111111111111111110
                                         011111111111111111111111110
                                         011111111111111111111111110
                                         011111111111111111111111110
                                         111111111111111111111111110
                                         111111111111111111111111110
                                         111111111111111111111111110
                                         111111111111111111111111110
                                         111111111111111111111111110
                                         111111111111111111111111110
                                         111111111111111111111111110
                                         111111111111111111111111110
                                         111111111111111111111111110
                                         111111111111111111111111110
                                         111111111111111111111111110
                                         111111111111111111111111111
                                        0111111111111111111111111111
                                        0111111111111111111111111111
                                        0111111111111111111111111111
                                        0111111111111111111111111111
                                        0111111111111111111111111111
                                        0111111111111111111111111111
                                        01111111111111111111111111110
                                        01111111111111111111111111110
                                        0111111111111111111111111111
                                        01111111111111111111111111110
                                        01111111111111111111111111110
                                        0111111111111111111111111111
                                        0111111111111111111111111111
                                        01111111111111111111111111110
                                        01111111111111111111111111110
                                        01111111111111111111111111110
                                        01111111111111111111111111110
                                        01111111111111111111111111110
                                        01111111111111111111111111110
                                        01111111111111111111111111110
                                        01111111111111111111111111110
                                        01111111111111111111111111110
                                        01111111111111111111111111110
                                        01111111111111111111111111110
                                        11111111111111111111111111110
                                        11111111111111111111111111110
                                        01111111111111111111111111110
                                        11111111111111111111111111110
                                        11111111111111111111111111110
                                        11111111111111111111111111110
                                        11111111111111111111111111110
                                        01111111111111111111111111110
                                        01111111111111111111111111110
                                        01111111111111111111111111110
                                        11111111111111111111111111110
                                        11111111111111111111111111110
                                        01111111111111111111111111110
                                        01111111111111111111111111110
                                        01111111111111111111111111110
                                        01111111111111111111111111110
                                        11111111111111111111111111110
                                        11111111111111111111111111110
                                        11111111111111111111111111110
                                        11111111111111111111111111110
                                        11111111111111111111111111110
                                        11111111111111111111111111110
                                        11111111111111111111111111110
                                        11111111111111111111111111110
                                        11111111111111111111111111110
                                        11111111111111111111111111110
                                        11111111111111111111111111110
                                        11111111111111111111111111110
                                        11111111111111111111111111110
                                        11111111111111111111111111110
                                        11111111111111111111111111110
                                        11111111111111111111111111110
                                        11111111111111111111111111110
                                        11111111111111111111111111110
                                        11111111111111111111111111110
                                        11111111111111111111111111110
                                        11111111111111111111111111110
                                        11111111111111111111111111110
                                        11111111111111111111111111110
                                        11111111111111111111111111110
                                        11111111111111111111111111110
                                        11111111111111111111111111110
                                        11111111111111111111111111110
                                        11111111111111111111111111110
                                        11111111111111111111111111110
                                        11111111111111111111111111110
                                        11111111111111111111111111110
                                       011111111111111111111111111110
                                       011111111111111111111111111110
                                       011111111111111111111111111110
                                       011111111111111111111111111110
                                       011111111111111111111111111110
                                       011111111111111111111111111110
                                       011111111111111111111111111110
                                       01111111111111111111111111111
                                       01111111111111111111111111111
                                       01111111111111111111111111111
                                       01111111111111111111111111111
                                       01111111111111111111111111111
                                       01111111111111111111111111111
                                       01111111111111111111111111111
                                       01111111111111111111111111111
                                       01111111111111111111111111111
                                       01111111111111111111111111111
                                       01111111111111111111111111111
                                       01111111111111111111111111111
                                       01111111111111111111111111111
                                       01111111111111111111111111110
                                       01111111111111111111111111110
                                       01111111111111111111111111110
                                       01111111111111111111111111110
                                       01111111111111111111111111110
                                       01111111111111111111111111110
                                       01111111111111111111111111110
                                       01111111111111111111111111110
                                       01111111111111111111111111110
                                       01111111111111111111111111110
                                       01111111111111111111111111110
                                       01111111111111111111111111110
                                       01111111111111111111111111110
                                       01111111111111111111111111110
                                       01111111111111111111111111110
                                       01111111111111111111111111110
                                       01111111111111111111111111110
                                       01111111111111111111111111110
                                       01111111111111111111111111110
                                       01111111111111111111111111110
                                       01111111111111111111111111110
                                       01111111111111111111111111110
                                       01111111111111111111111111110
                                       01111111111111111111111111110
                                       01111111111111111111111111110
                                       0111111111111111111111111111
                                       0111111111111111111111111111
                                       0111111111111111111111111111
                                       0111111111111111111111111111
                                       0111111111111111111111111111
                                       0111111111111111111111111111
                                       0111111111111111111111111111
                                       0111111111111111111111111110
                                       0111111111111111111111111110
                                       0111111111111111111111111110
                                       0111111111111111111111111110
                                       0111111111111111111111111110
                                       0111111111111111111111111110
                                       0111111111111111111111111110
                                       0111111111111111111111111110
                                       0111111111111111111111111110
                                       0111111111111111111111111110
                                       0111111111111111111111111110
                                       0111111111111111111111111110
                                       0111111111111111111111111110
                                       0111111111111111111111111110
                                       011111111111111111111111111
                                       011111111111111111111111111
                                       011111111111111111111111111
                                       011111111111111111111111111
                                       011111111111111111111111110
                                       011111111111111111111111110
                                       011111111111111111111111110
                                       011111111111111111111111110
                                       011111111111111111111111110
                                       011111111111111111111111110
                                       011111111111111111111111110
                                       01111111111111111111111111
                                       01111111111111111111111111
                                       01111111111111111111111110
                                       01111111111111111111111110
                                       01111111111111111111111110
                                       01111111111111111111111110
                                       01111111111111111111111110
                                       01111111111111111111111110
                                       01111111111111111111111110
                                       0111111111111111111111111
                                       0111111111111111111111110
                                       0111111111111111111111110
                                        111111111111111111111110
                                        01111111111111111111110
                                        0111111111111111111111
                                         011111111111111111110
                                          0111111111111111110
                                           0111111111111110
                                              0111111110














                                             010
                                            01110
                                           0111110
                                          01111111
                                          111111110
                                         01111111110
                                         11111111111
                                        0111111111110
                                        01111111111110
                                       011111111111110
                                       1111111011111110
                                      01111111 01111110
                                      01111110  11111110
                                      1111111   01111110
                                     01111110    11111110
                                     11111110    01111111
                                    01111111      11111110
                                    11111110      01111110
                                   01111111        11111110
                                   01111110        01111110
                                  011111110        011111110
                                  01111111          01111110
                                  11111110          01111111
                                 01111111            11111110
                                 01111110            01111111
                                 11111110            011111110
                                01111111              11111110
                                01111110              01111111
                                1111111                11111110
                               01111111                01111110
                               01111110                01111111
                               11111110                 11111110
                              01111111                  11111110
                              01111110                  01111111
                              11111110                   11111110
                             01111111                    11111110
                             01111110                    01111111
                             01111110                    011111110
                             11111110                     11111110
                            01111111                      01111111
                            01111110                      01111111
                            01111110                       11111110
                            1111111                        11111110
                           01111110                        01111111
                           01111110           00           011111110
                           01111110          11111         011111110
                          01111111           11111          11111110
                          01111110          011111          01111110
                          01111110          0111110         01111111
                          01111110          0111110          11111110
                          1111111           0111110          01111110
                         01111110           0111110          01111110
                         01111110           0111110          01111110
                         01111110           0111110          01111111
                         01111110           0111110           1111111
                         11111110           0111110           01111110
                         1111111            0111110           01111110
                        01111111            0111110           01111110
                        01111110            0111110            1111110
                        01111110            0111110            1111110
                        01111110            0111110            1111111
                        1111111             1111110            0111111
                        1111111             1111110            01111110
                        1111111             1111110            01111110
                       01111110             1111110            01111110
                       01111110             1111110            01111110
                       01111110             1111110            01111110
                       01111110             1111110            01111110
                       01111110             1111110            01111110
                       01111110             1111110             1111110
                       01111110             1111110             1111110
                       0111111              1111110             1111110
                       0111111              1111110             1111110
                       1111111              1111110             1111110
                       1111111              1111110             1111111
                       1111111              1111110             1111111
                       1111111              1111110             1111111
                       1111111              1111110             1111111
                       1111111              1111110             1111111
                       1111111              1111110             1111111
                       1111111              1111110             1111111
                       1111111              1111110             1111111
                       1111111              1111110             1111111
                       1111111              1111110             1111111
                       0111111              0111110             0111110
         0001111111111111111111111111111111111111111111111111111111111111111111111000
     011111111111111111111111111111111111111111111111111111111111111111111111111111111110
    011111111111111111111111111111111111111111111111111111111111111111111111111111111111110
   0111111110000000000000000000000000000000000000000000000000000000000000000000001111111111
   011111110                                                                       01111111
    11111111                                                                      011111110
    01111111100                 00000000000000000000000000000                  00111111111
     011111111111111111111111111111111111111111111111111111111111111111111111111111111110
       01111111111111111111111111111111111111111111111111111111111111111111111111111110
         0011111111111111111111111111000000000000000001111111111111111111111111111100
               0000111111111111110                           011111110000000000
                         01111110                             11111110
                        01111111                              01111111
                        01111110                               11111110
                        1111111              00000000000000000011111110
                       01111110            0111111111111111111111111110
                       01111110            0111111111111111111111111111
                       0111111              0111111111111111111111111110
                       1111110                                  11111110
                      01111110                                  01111110
                      01111110                                  01111110
                      01111110                                   1111111
                      0111111                                    1111111
                      0111111               00000000000000000000011111110
                      1111111              111111111111111111111111111110
                      1111111              011111111111111111111111111110
                      1111111               01111111111111111111111111110
                      0111111                                    01111110
                      0111111                                    01111110
                      01111110                                   11111110
                      01111110                                   1111111
                      01111110                                   1111111
                      01111111                                  01111110
                       1111111             01111111111111111111111111110
                       01111110            11111111111111111111111111110
                       01111110            11111111111111111111111111110
                        1111111                  0000000000000001111111
                        01111110                               01111110
                        01111111                               01111110
                         11111110                              1111111
                         01111111                             01111110
                          11111110                            11111110
                          0111111111111111111111111111111111111111111
                          0111111111111111111111111111111111111111110
                           11111111111111111111111111111111111111111
                           01111111000000000000000000000000111111110
                           01111111                        011111110
                           011111110                       11111110
                            111111110                     11111111
                            01111111110                00111111110
                              11111111111111111111111111111111110
                               01111111111111111111111111111110
                                  011111111111111111111111110
                                     00111111111111111110














                        00
                       01111
                   000011111110
                   1111111111110
                      0111110
                   0111111111111
                   1111111111111
                      0111110
                   1111111111111
                   1111111111111
                      0111110
                   1111111111111
                   0011111111000
                   0001111111000
                  01111111111111
                     0111111100
                   0001111111100                                   0000000000000000
                  01111111111110                                  01111111111111111
                      1111110                                     011111111111111110
                   0111111111110                                  011110      011110
                  01111111111110                                  011110      011110
                       111110                                     011110      011110
                       111110                                     011110      011110
                       011110                                    011111111111111111110
                       011110                                  011111111111111111111110
                       011110                                  111111111111111111111111
                       011110                                  111110            011111
                       011110                                  111110            011111
                       011110                                  111110            011111
                       011110                                  111110            011111
                       011110                                  111110            011111
                       011110                                  111110            011111
                       011110                                  111110            011111
                       011110                                  111110            011111
                       011110                                  111110            011111
                       111110                                  111110            011111
                       111110                                  111110            011111
                       111110                                  111110            011111
               01111111111111111111                            111110            011111
               111111111111111111110                           111110            011111
               111111111111111111110                           111110            011111
               111110         111110                           111110            011111
               111110         111110                           111110            011111
               111110         111110                           111110            011111
               111110         111110                           111110            011111
               111110         111110                           111110            011111
               111110         111110                           111110            011111
               111110         111110                           111110            011111
               111110         111110                           111110            011111
               111110         111110                           111110            011111
               111110         111110                           111110            011111
               111110         111110                           111110            011111
               111110         111110                           111110            011111
               111110         111110                           111110            011111
               111110         111110                           111110            011111
              0111110         111110                           111110            011111
              0111110         111110                           111110            011111
              0111110         111110                           111110            011111
              0111110         111110                           111110            011111
              0111110         111110                           111110            011111
              0111110         111110                           111110            011111
              0111110         111110                           111110            011111
              0111110         111110                           111110            011111
              0111110         111110                           111110            011111
              0111110         111110                           111110            011111
              0111111111111111111110                           111111111111111111111111
               11111111111111111111                            111111111111111111111111
                000000000000000000                               000000000000000000000














                                 0000111111111111111111111111111111000
                         001111111111111111111111111111111111111111111111111100
                    0111111111111111111111100000000000000000001111111111111111111110
                 011111111111000                                       0001111111111110
                 1111110                                                       01111111
                 111111110                                                   0011111111
                 0111111111111110000                                  00001111111111110
                 0111111111111111111111111111111111111111111111111111111111111111111110
                 011111    0011111111111111111111111111111111111111111111111100  011110
                  111110            00000111111111111111111111110000             111110
                  111110                                                        011111
                  111110                                                        011111
                  011111                                                        011110
                  0111110                                                       111110
                  0111110                                                       111110
                  0111110                                                       111110
                   111110                                                      0111110
                   111111                                                      011111
                   111111                                                      011111
                   0111110                                                     011110
                   0111110                  0000000000000000                   011110
                   0111110     001111111111111111111111111111111111111100      111110
                    11111111111111111111111111111111111111111111111111111111110111110
                    1111111111111111110000000000        0000000000111111111111111111
                    0111111100                                            0011111111
                    0111111110                                             011111110
                    011111111111111100000                        0000111111111111110
                    0111111111111111111111111111111111111111111111111111111111111110
                    0111110   0011111111111111111111111111111111111111111000  11111
                    0111110            00000111111111111111110000             11111
                     111110                                                  011111
                     111110                                                  011111
                     011111                                                  011110
                     011111                                                  011110
                     0111110                                                 111110
                     0111110                                                 111110
                      111110                                                011111
                      111110                                                011111
                      011111                                                011110
                      011111                                                011110
                      0111110                                               011110
                       111110                                               111110
                       111110                                               111110
                       011110                                              011111
                       011111                                              011111
                       011111                                              011111
                       011111                                              011110
                       0111110                                             011110
                       0111110                                             111110
                        111110                                             111110
                        111110                                             11111
                        11111100                                        00111111
                        01111111111100000                       0001111111111110
                         01111111111111111111111111111111111111111111111111110
                             0111111111111111111111111111111111111111111100
                                    0000111111111111111111111111100